   13.193132    11.451841    -2.077579    -3.775156     2.883202    -4.393468     2.177452    -6.482996    -7.021853    -6.981472     1.001987    15.262583    17.723404    17.826774    17.793037    17.410144    10.872761    17.279520    13.733671    14.258092    -2.221996    -2.563206     2.021556    -3.181800    -3.032780    -2.432839    -3.194742    -3.132201    -2.750112    -3.183769    -0.996085    -4.754070    -4.540906    -5.287132    -5.283120    -5.005933    -5.833966    -3.308631     1.563582     0.416187    -6.916780    -8.116012    -7.062071    -4.502288    -6.124629    -5.326826    -5.387704    -7.416460    -7.088534    -5.200558    -3.453284    -5.009612    -5.230440     2.393666    -4.157021
   11.451841    13.942065    -2.602248    -3.715374     1.996975    -4.544458     1.738461    -5.923095    -6.509417    -6.088289     1.475725    19.501157    16.396956    16.823733    16.736879    17.000791    13.479416    20.358245    16.374580    17.047352    -3.353896    -3.004007     2.979763    -4.842631    -4.090724    -3.688213    -2.847993    -2.327891    -3.691914    -2.920596    -1.522821    -5.023628    -5.346091    -5.938339    -6.169941    -5.451533    -6.000079    -3.414483     2.440070     0.953438    -6.489877    -8.349800    -6.995079    -4.165907    -5.690046    -5.134770    -5.247337    -6.840368    -6.466019    -4.721591    -2.642795    -4.290115    -4.630060     2.641188    -3.799880
   -2.077579    -2.602248     2.072265     2.548198     0.423556     2.198405     0.251938     2.898476     2.677379     2.438157    -0.370147    -2.519614    -3.831563    -3.824155    -3.395642    -3.321962    -1.986211    -2.547432    -2.523752    -2.001069     2.785219     1.836551     1.708804     3.264984     2.547191     2.340971     1.208323     0.999260     2.132375     1.633164     1.082179     2.763643     2.689520     2.924781     2.895256     2.562960     2.769434     1.825190    -0.217895     0.462074     3.180989     3.702525     3.283954     2.053606     2.336813     2.153345     2.189995     2.835999     2.271656     1.610057     1.198314     1.673393     1.775278    -0.689758     1.791598
   -3.775156    -3.715374     2.548198     5.739534     0.378650     3.569932    -0.584685     4.985799     5.267381     5.536632    -0.395392    -3.857600    -6.431327    -6.288747    -5.679823    -5.675156    -3.634137    -3.447626    -4.022269    -2.981804     5.183953     3.487211     3.292711     5.603179     4.495884     4.262292     2.435920     2.643975     3.871089     3.141363     1.949250     5.056047     4.894483     5.413770     4.984102     4.602269     5.030393     2.880039    -0.555076     0.513587     6.171298     6.395741     6.314592     3.721857     4.643305     3.971381     4.471942     5.893315     5.357810     3.958414     3.045831     4.023422     4.053211    -0.490598     3.572854
    2.883202     1.996975     0.423556     0.378650     1.967011    -0.300542     0.505577    -0.785709    -0.919831    -1.082284    -0.025176     3.240819     3.151018     3.209874     3.447314     3.333852     2.222650     3.702126     2.597716     3.292787     1.184880     0.409401     1.781280     1.034246     0.773052     0.785109    -0.636741    -0.732489     0.721850    -0.101263     0.434210     0.039941     0.328647     0.171746     0.096408    -0.144358    -0.306345    -0.155843     0.362194     0.437697    -0.774254    -0.677797    -0.685015    -0.505426    -0.891249    -0.652462    -0.483413    -0.912788    -1.215066    -0.913974    -0.612459    -0.905114    -0.918080     0.194969    -0.381664
   -4.393468    -4.544458     2.198405     3.569932    -0.300542     5.187172     0.483056     4.852766     4.984980     5.013816    -0.676885    -3.089273    -6.568039    -6.296792    -5.883380    -5.774680    -2.607202    -3.038561    -3.825917    -3.050295     3.529905     2.319880     2.426427     4.527940     3.702861     3.349797     2.362625     2.015334     3.448091     3.658995     1.651404     5.318504     4.895880     5.679601     5.723903     5.284131     5.974413     3.760192    -0.203000     0.660782     6.722287     8.836844     6.783289     4.196536     4.634164     3.880041     3.989140     5.797608     4.849579     3.709378     2.358659     3.632519     3.663846    -1.166185     2.946504
    2.177452     1.738461     0.251938    -0.584685     0.505577     0.483056     2.242420    -0.574982    -0.863337    -0.862233     0.225076     3.145779     2.798018     3.032615     3.156842     3.378562     2.236309     3.566839     3.038194     2.850911    -0.046030    -0.462546     0.769458    -0.121729    -0.178432    -0.195477     0.125099    -0.386612    -0.176393     0.126680     0.035659     0.078443    -0.202661    -0.024982     0.166004     0.062545     0.175852     0.447814     0.741618     0.459228    -0.185321     0.992315    -0.305565     0.064734    -0.645165    -0.585553    -0.601884    -0.758943    -0.943320    -0.689389    -0.527972    -0.457746    -0.536499     0.176576    -0.552964
   -6.482996    -5.923095     2.898476     4.985799    -0.785709     4.852766    -0.574982    10.594806     9.344039     8.472712    -0.370836    -4.301437    -8.145383    -7.860056    -7.610901    -7.446422    -4.199564    -2.952734    -5.178337    -3.614360     4.197650     3.262066     2.923801     5.491812     4.151842     3.916688     3.953329     4.447314     3.977233     4.154971     1.572712     6.867958     5.495545     6.592029     6.414994     5.858930     6.659054     3.716094    -1.236575     0.044930     9.531260    10.278933     9.825557     5.876274     7.729290     6.083527     6.592082     9.832355     8.564848     6.635153     4.969514     6.533658     6.622349    -0.076609     5.048482
   -7.021853    -6.509417     2.677379     5.267381    -0.919831     4.984980    -0.863337     9.344039    10.067301     8.552774    -0.349908    -5.958988    -9.321783    -9.052261    -8.642556    -8.506118    -5.366372    -4.751589    -6.414421    -4.829763     4.263887     3.398133     2.077862     5.593296     4.399799     3.980276     4.062037     4.545615     4.056492     4.303334     1.669879     6.866411     5.708774     6.589124     6.555638     6.072263     6.772594     3.805780    -1.284710    -0.016960     9.467330    10.159412     9.674220     5.926655     8.099065     6.390653     6.750088     9.929604     8.815695     6.889452     5.048512     6.756205     6.797725    -0.121769     5.163223
   -6.981472    -6.088289     2.438157     5.536632    -1.082284     5.013816    -0.862233     8.472712     8.552774     9.272580    -0.212760    -5.789368    -9.371761    -9.101988    -8.704311    -8.679137    -5.543637    -5.025183    -6.253745    -5.354058     4.129418     3.376606     2.002834     5.350418     4.259576     3.846886     4.008920     4.510088     3.890639     4.426840     1.647643     6.602332     5.550869     6.613398     6.328929     6.129335     6.979534     3.776832    -1.140318     0.134501     9.173745     9.832124     9.169450     5.667320     7.533074     5.894479     6.728992     9.683749     9.031344     7.016407     4.874970     6.640491     6.649398    -0.164810     4.982534
    1.001987     1.475725    -0.370147    -0.395392    -0.025176    -0.676885     0.225076    -0.370836    -0.349908    -0.212760     1.292825     1.041039     1.580741     1.492825     1.424410     1.375074     0.736863     0.911053     1.577763     1.025113    -0.742322    -0.047922    -0.607696    -1.033624    -0.759035    -0.681805     0.806561     1.087255    -0.701658    -0.583675    -0.187016    -0.907133    -1.010577    -1.064443    -1.140289    -0.965864    -1.134947    -0.422696     0.306462     0.063889    -0.767992    -1.534932    -0.774593    -0.417680    -0.361663    -0.301277    -0.193140    -0.668839     0.106587     0.257920     0.544848     0.916771     0.841238     1.379629     0.256086
   15.262583    19.501157    -2.519614    -3.857600     3.240819    -3.089273     3.145779    -4.301437    -5.958988    -5.789368     1.041039    45.708215    22.273850    24.205846    24.380561    25.831503    29.068849    43.462195    30.358900    35.558837    -1.317191    -2.701996    12.139901    -2.707824    -2.927609    -2.015497    -2.860823    -2.191343    -2.006771    -1.132421    -1.138141    -1.872829    -3.522005    -3.381868    -3.550895    -3.601030    -3.571931    -2.604031     3.643655     2.851723    -3.033859    -2.658324    -3.124837    -2.833574    -5.135230    -5.066403    -4.931726    -4.829452    -6.029967    -3.973368    -2.335690    -3.468927    -3.910480     3.022508    -3.529009
   17.723404    16.396956    -3.831563    -6.431327     3.151018    -6.568039     2.798018    -8.145383    -9.321783    -9.371761     1.580741    22.273850    31.097929    30.937003    27.606409    26.861519    15.580443    26.995503    20.584799    21.158834    -4.414185    -4.606212     2.315576    -6.037032    -5.562368    -4.756984    -4.138297    -3.802000    -4.755001    -4.798582    -2.151752    -6.899592    -7.299839    -8.469168    -8.116969    -7.636345    -8.443272    -4.886364     1.351999    -0.289052    -9.438769   -10.251500    -9.494201    -6.055296    -8.272567    -7.664583    -7.578167    -9.947526    -9.617537    -6.717042    -4.537665    -6.211712    -6.670559     4.217383    -6.088506
   17.826774    16.823733    -3.824155    -6.288747     3.209874    -6.296792     3.032615    -7.860056    -9.052261    -9.101988     1.492825    24.205846    30.937003    32.245634    27.939237    27.660956    16.898762    29.324607    21.873992    22.686225    -4.165770    -4.565243     3.139332    -5.807821    -5.330461    -4.530943    -4.086396    -3.759977    -4.550867    -4.554360    -2.075532    -6.476202    -7.004974    -7.971200    -7.607732    -7.361979    -8.016032    -4.694443     1.489155    -0.165946    -8.936671    -9.376529    -8.912153    -5.869312    -8.171652    -7.576262    -7.513350    -9.474759    -9.397174    -6.487294    -4.397051    -6.096231    -6.538137     4.120118    -5.948051
   17.793037    16.736879    -3.395642    -5.679823     3.447314    -5.883380     3.156842    -7.610901    -8.642556    -8.704311     1.424410    24.380561    27.606409    27.939237    28.018179    26.568381    16.925701    28.466185    21.435039    22.581653    -3.712987    -4.227286     3.645743    -5.320636    -4.948508    -4.107261    -4.039126    -3.702633    -4.186562    -3.964552    -1.831883    -5.842546    -6.460733    -7.404103    -7.090091    -6.712397    -7.402160    -4.385047     1.917971     0.289896    -8.354124    -9.250652    -8.495921    -5.586826    -7.718387    -7.274722    -7.186844    -8.986679    -8.916881    -6.258842    -4.169905    -6.014516    -6.381518     3.899907    -5.637441
   17.410144    17.000791    -3.321962    -5.675156     3.333852    -5.774680     3.378562    -7.446422    -8.506118    -8.679137     1.375074    25.831503    26.861519    27.660956    26.568381    27.868208    17.913487    30.039558    22.745402    23.638509    -3.632825    -4.183651     4.354026    -5.256393    -4.844177    -4.086407    -4.013290    -3.674029    -4.124266    -3.851981    -1.777602    -5.750545    -6.312201    -7.012322    -6.730334    -6.557422    -7.109332    -4.311482     2.235185     0.424622    -8.102061    -8.845028    -8.228259    -5.354785    -7.740517    -7.163140    -7.057238    -8.829395    -8.796627    -6.298334    -4.051012    -5.878456    -6.355148     3.702264    -5.532016
   10.872761    13.479416    -1.986211    -3.634137     2.222650    -2.607202     2.236309    -4.199564    -5.366372    -5.543637     0.736863    29.068849    15.580443    16.898762    16.925701    17.913487    21.203163    29.102464    20.494578    23.811615    -1.868495    -2.538720     7.192407    -2.996137    -2.663142    -2.034754    -2.801283    -2.504793    -1.949488    -1.403993    -0.859545    -2.593461    -3.229262    -3.206742    -3.322078    -3.361591    -3.499795    -2.071745     2.875997     1.824644    -3.836389    -3.394821    -3.796993    -2.774559    -4.638927    -4.201186    -4.592270    -5.138301    -5.778097    -3.941525    -2.499073    -3.847737    -4.060151     1.891679    -3.272069
   17.279520    20.358245    -2.547432    -3.447626     3.702126    -3.038561     3.566839    -2.952734    -4.751589    -5.025183     0.911053    43.462195    26.995503    29.324607    28.466185    30.039558    29.102464    58.858719    33.327174    40.599881    -0.266274    -2.608175    13.950972    -1.349416    -2.544384    -1.340110    -2.534386    -1.859063    -1.288540    -0.489384    -0.785781    -0.677200    -3.076512    -2.671156    -2.846647    -2.838636    -2.496483    -2.375385     3.454255     1.658702    -1.164795    -0.151749    -1.338373    -1.992658    -4.214527    -4.398213    -3.704753    -3.445918    -5.521810    -2.878754    -1.855961    -2.521137    -3.130065     4.083207    -3.298418
   13.733671    16.374580    -2.523752    -4.022269     2.597716    -3.825917     3.038194    -5.178337    -6.414421    -6.253745     1.577763    30.358900    20.584799    21.873992    21.435039    22.745402    20.494578    33.327174    28.181556    26.410552    -1.944810    -2.679439     7.946593    -3.368594    -3.625935    -2.763871    -2.591619    -2.222444    -2.807588    -1.766286    -1.154677    -3.393353    -4.325540    -4.310355    -4.154797    -4.226617    -4.441552    -2.900845     3.293749     1.337794    -4.801456    -4.935713    -4.545823    -3.791739    -5.688522    -5.447729    -5.270769    -6.033624    -6.440544    -4.268270    -2.758939    -3.586440    -3.984578     3.004994    -3.427726
   14.258092    17.047352    -2.001069    -2.981804     3.292787    -3.050295     2.850911    -3.614360    -4.829763    -5.354058     1.025113    35.558837    21.158834    22.686225    22.581653    23.638509    23.811615    40.599881    26.410552    34.188195    -0.768251    -2.190573    10.433006    -2.171927    -2.416674    -1.588988    -2.546923    -1.914376    -1.683398    -0.906338    -0.666932    -1.395736    -3.126421    -2.999439    -3.208598    -3.193340    -3.196763    -2.310729     3.185028     1.920189    -2.841995    -2.984927    -2.829065    -2.754665    -4.223374    -4.253439    -4.234218    -4.503141    -5.459249    -3.487984    -1.851179    -3.142557    -3.565946     3.134309    -3.054932
   -2.221996    -3.353896     2.785219     5.183953     1.184880     3.529905    -0.046030     4.197650     4.263887     4.129418    -0.742322    -1.317191    -4.414185    -4.165770    -3.712987    -3.632825    -1.868495    -0.266274    -1.944810    -0.768251     6.562274     3.661525     4.620829     6.424120     4.873218     4.820562     1.828057     1.680502     4.323440     3.129359     2.163206     5.360521     5.115703     5.570064     5.436833     4.606253     5.110137     2.811030    -0.481988     0.532345     5.748157     6.777874     6.135545     3.216146     3.646160     3.347687     3.925928     4.917733     4.081924     2.999311     2.010584     3.143059     3.210230    -0.751240     3.010597
   -2.563206    -3.004007     1.836551     3.487211     0.409401     2.319880    -0.462546     3.262066     3.398133     3.376606    -0.047922    -2.701996    -4.606212    -4.565243    -4.227286    -4.183651    -2.538720    -2.608175    -2.679439    -2.190573     3.661525     3.368781     2.238975     4.106232     3.185699     3.133768     2.057850     2.185363     2.792332     2.159439     1.435214     3.425163     3.340020     3.749133     3.454376     3.039516     3.303721     1.956264    -0.361978     0.273969     4.081572     4.196528     4.315060     2.452335     3.086245     2.682059     3.208266     3.827686     3.753818     2.652325     2.220400     3.139022     3.210842    -0.044993     3.166472
    2.021556     2.979763     1.708804     3.292711     1.781280     2.426427     0.769458     2.923801     2.077862     2.002834    -0.607696    12.139901     2.315576     3.139332     3.645743     4.354026     7.192407    13.950972     7.946593    10.433006     4.620829     2.238975    12.943286     4.767125     3.281480     3.626322     0.551469     0.474621     3.113846     2.840115     1.528629     4.324355     3.539757     4.191187     3.572465     3.364028     3.724746     1.890924     0.817003     1.246291     4.690396     5.426444     4.938925     2.455679     1.900067     1.431746     1.789344     3.188488     1.354763     0.760842     0.854595     1.510570     1.436741    -0.024819     1.633093
   -3.181800    -4.842631     3.264984     5.603179     1.034246     4.527940    -0.121729     5.491812     5.593296     5.350418    -1.033624    -2.707824    -6.037032    -5.807821    -5.320636    -5.256393    -2.996137    -1.349416    -3.368594    -2.171927     6.424120     4.106232     4.767125     8.408492     5.914756     5.683857     2.367902     2.137716     5.239982     3.990063     2.581661     6.746649     6.371044     7.092362     6.724868     5.908529     6.615378     3.603889    -0.727421     0.442735     7.544418     8.670008     7.916304     4.526812     5.011426     4.397258     4.862762     6.452571     5.270498     3.993852     2.542279     3.982211     4.147093    -1.037626     3.822694
   -3.032780    -4.090724     2.547191     4.495884     0.773052     3.702861    -0.178432     4.151842     4.399799     4.259576    -0.759035    -2.927609    -5.562368    -5.330461    -4.948508    -4.844177    -2.663142    -2.544384    -3.625935    -2.416674     4.873218     3.185699     3.281480     5.914756     5.187189     4.556240     1.776948     1.618003     4.341668     3.282832     2.162472     5.317983     5.276434     5.691957     5.300735     4.822790     5.308236     2.869698    -0.426661     0.436478     5.776586     6.477702     6.184345     3.418681     3.963235     3.614493     3.855885     4.952405     4.074496     3.063101     1.936760     2.961230     3.141212    -1.023815     3.111721
   -2.432839    -3.688213     2.340971     4.262292     0.785109     3.349797    -0.195477     3.916688     3.980276     3.846886    -0.681805    -2.015497    -4.756984    -4.530943    -4.107261    -4.086407    -2.034754    -1.340110    -2.763871    -1.588988     4.820562     3.133768     3.626322     5.683857     4.556240     5.062292     1.743841     1.629967     4.136974     2.925975     2.095070     5.047656     4.891847     5.461827     5.076419     4.470253     4.901770     2.700389    -0.425888     0.414367     5.450688     6.155067     5.984063     3.087339     3.622485     3.308986     3.613861     4.649083     3.874130     2.973506     1.952096     2.912445     3.025291    -0.793927     2.955412
   -3.194742    -2.847993     1.208323     2.435920    -0.636741     2.362625     0.125099     3.953329     4.062037     4.008920     0.806561    -2.860823    -4.138297    -4.086396    -4.039126    -4.013290    -2.801283    -2.534386    -2.591619    -2.546923     1.828057     2.057850     0.551469     2.367902     1.776948     1.743841     3.368524     3.537556     1.668814     1.756524     0.859389     2.984891     2.298990     2.860242     2.752845     2.608778     2.855070     1.980893    -0.481270     0.041736     4.417241     4.832003     4.488468     2.798285     3.603028     2.839077     3.305062     4.357028     4.669795     3.699862     3.138138     4.641296     4.533150     0.912938     3.058457
   -3.132201    -2.327891     0.999260     2.643975    -0.732489     2.015334    -0.386612     4.447314     4.545615     4.510088     1.087255    -2.191343    -3.802000    -3.759977    -3.702633    -3.674029    -2.504793    -1.859063    -2.222444    -1.914376     1.680502     2.185363     0.474621     2.137716     1.618003     1.629967     3.537556     4.309852     1.596565     1.834737     0.826664     2.982869     2.138061     2.675955     2.473313     2.345993     2.736902     1.775288    -0.544989    -0.013377     4.758024     4.429621     4.877672     2.954317     3.965079     3.011312     3.696505     4.738962     5.305514     4.227735     3.787049     5.317307     5.131393     1.567137     3.408716
   -2.750112    -3.691914     2.132375     3.871089     0.721850     3.448091    -0.176393     3.977233     4.056492     3.890639    -0.701658    -2.006771    -4.755001    -4.550867    -4.186562    -4.124266    -1.949488    -1.288540    -2.807588    -1.683398     4.323440     2.792332     3.113846     5.239982     4.341668     4.136974     1.668814     1.596565     4.599857     3.046404     2.000015     4.991921     4.970397     5.477494     5.022227     4.519273     4.993988     2.696718    -0.372338     0.370933     5.391301     6.293048     5.806083     3.103397     3.552253     3.233089     3.617128     4.793396     3.842361     2.952974     1.924722     2.918064     2.981333    -0.739429     2.787258
   -3.183769    -2.920596     1.633164     3.141363    -0.101263     3.658995     0.126680     4.154971     4.303334     4.426840    -0.583675    -1.132421    -4.798582    -4.554360    -3.964552    -3.851981    -1.403993    -0.489384    -1.766286    -0.906338     3.129359     2.159439     2.840115     3.990063     3.282832     2.925975     1.756524     1.834737     3.046404     4.656502     1.659601     5.289830     4.235938     5.021438     4.782457     4.653602     6.220117     2.736821     0.198605     0.357061     6.116098     6.536345     6.155886     3.465507     3.942785     3.202521     3.356323     5.124922     4.129294     3.273174     2.157047     3.210992     3.200335    -0.603476     2.768215
   -0.996085    -1.522821     1.082179     1.949250     0.434210     1.651404     0.035659     1.572712     1.669879     1.647643    -0.187016    -1.138141    -2.151752    -2.075532    -1.831883    -1.777602    -0.859545    -0.785781    -1.154677    -0.666932     2.163206     1.435214     1.528629     2.581661     2.162472     2.095070     0.859389     0.826664     2.000015     1.659601     1.526460     2.400208     2.545334     2.841744     2.522350     2.293307     2.513568     1.407576     0.045935     0.195864     2.341211     2.562721     2.581698     1.333638     1.472613     1.457999     1.610325     1.912187     1.525892     1.311429     0.860666     1.372082     1.430627    -0.232447     1.302490
   -4.754070    -5.023628     2.763643     5.056047     0.039941     5.318504     0.078443     6.867958     6.866411     6.602332    -0.907133    -1.872829    -6.899592    -6.476202    -5.842546    -5.750545    -2.593461    -0.677200    -3.393353    -1.395736     5.360521     3.425163     4.324355     6.746649     5.317983     5.047656     2.984891     2.982869     4.991921     5.289830     2.400208    10.160889     6.582187     7.617627     7.251598     6.674536     8.199739     4.013643    -0.524401     0.345793     9.852380    10.374805    10.357939     5.585741     6.181362     5.198042     5.710409     7.732925     6.604342     5.129225     3.323037     5.152720     5.249348    -0.897307     4.440899
   -4.540906    -5.346091     2.689520     4.894483     0.328647     4.895880    -0.202661     5.495545     5.708774     5.550869    -1.010577    -3.522005    -7.299839    -7.004974    -6.460733    -6.312201    -3.229262    -3.076512    -4.325540    -3.126421     5.115703     3.340020     3.539757     6.371044     5.276434     4.891847     2.298990     2.138061     4.970397     4.235938     2.545334     6.582187     7.257157     7.383508     6.978921     6.406577     7.049573     3.766235    -0.476883     0.344205     7.566292     8.712197     7.876368     4.375166     5.115916     4.475491     4.768333     6.806254     5.404967     4.195771     2.504771     3.944674     4.142257    -1.207463     3.714854
   -5.287132    -5.938339     2.924781     5.413770     0.171746     5.679601    -0.024982     6.592029     6.589124     6.613398    -1.064443    -3.381868    -8.469168    -7.971200    -7.404103    -7.012322    -3.206742    -2.671156    -4.310355    -2.999439     5.570064     3.749133     4.191187     7.092362     5.691957     5.461827     2.860242     2.675955     5.477494     5.021438     2.841744     7.617627     7.383508     9.636419     8.142896     7.634647     8.350417     4.480431    -0.244849     0.496968     8.719560    10.577121     9.244853     5.310922     5.886242     5.154352     5.553517     7.964943     6.512075     4.923122     3.106671     4.897025     5.024037    -1.404411     4.251892
   -5.283120    -6.169941     2.895256     4.984102     0.096408     5.723903     0.166004     6.414994     6.555638     6.328929    -1.140289    -3.550895    -8.116969    -7.607732    -7.090091    -6.730334    -3.322078    -2.846647    -4.154797    -3.208598     5.436833     3.454376     3.572465     6.724868     5.300735     5.076419     2.752845     2.473313     5.022227     4.782457     2.522350     7.251598     6.978921     8.142896     9.455632     7.267474     8.119888     4.577160    -0.561251     0.553403     8.396493    11.606613     8.909501     5.177398     5.701853     4.910364     5.420233     7.767575     6.294485     4.672462     2.928901     4.704181     4.793595    -1.381642     3.884154
   -5.005933    -5.451533     2.562960     4.602269    -0.144358     5.284131     0.062545     5.858930     6.072263     6.129335    -0.965864    -3.601030    -7.636345    -7.361979    -6.712397    -6.557422    -3.361591    -2.838636    -4.226617    -3.193340     4.606253     3.039516     3.364028     5.908529     4.822790     4.470253     2.608778     2.345993     4.519273     4.653602     2.293307     6.674536     6.406577     7.634647     7.267474     7.415329     7.673445     4.033154    -0.342794     0.445513     7.834343     9.681702     8.096140     4.622807     5.470762     4.546002     4.849975     7.336046     5.913325     4.638661     2.702247     4.346199     4.461318    -1.209261     3.670753
   -5.833966    -6.000079     2.769434     5.030393    -0.306345     5.974413     0.175852     6.659054     6.772594     6.979534    -1.134947    -3.571931    -8.443272    -8.016032    -7.402160    -7.109332    -3.499795    -2.496483    -4.441552    -3.196763     5.110137     3.303721     3.724746     6.615378     5.308236     4.901770     2.855070     2.736902     4.993988     6.220117     2.513568     8.199739     7.049573     8.350417     8.119888     7.673445    10.070576     4.559981    -0.132358     0.456898     9.159419    11.268158     9.398291     5.612944     6.158249     5.172971     5.475829     8.138928     6.706474     5.192167     3.131304     5.007231     5.108257    -1.396907     4.111450
   -3.308631    -3.414483     1.825190     2.880039    -0.155843     3.760192     0.447814     3.716094     3.805780     3.776832    -0.422696    -2.604031    -4.886364    -4.694443    -4.385047    -4.311482    -2.071745    -2.375385    -2.900845    -2.310729     2.811030     1.956264     1.890924     3.603889     2.869698     2.700389     1.980893     1.775288     2.696718     2.736821     1.407576     4.013643     3.766235     4.480431     4.577160     4.033154     4.559981     3.313255    -0.077244     0.519511     4.940598     6.702260     5.110367     3.317821     3.518157     3.022960     3.146340     4.509669     3.695727     2.832369     1.879474     2.998742     2.986250    -0.685863     2.332524
    1.563582     2.440070    -0.217895    -0.555076     0.362194    -0.203000     0.741618    -1.236575    -1.284710    -1.140318     0.306462     3.643655     1.351999     1.489155     1.917971     2.235185     2.875997     3.454255     3.293749     3.185028    -0.481988    -0.361978     0.817003    -0.727421    -0.426661    -0.425888    -0.481270    -0.544989    -0.372338     0.198605     0.045935    -0.524401    -0.476883    -0.244849    -0.561251    -0.342794    -0.132358    -0.077244     1.297103     0.574909    -0.891256    -1.030051    -1.015987    -0.428585    -1.000828    -0.698479    -0.960177    -1.255324    -1.322554    -1.088689    -0.625465    -0.850653    -0.875245     0.081754    -0.449586
    0.416187     0.953438     0.462074     0.513587     0.437697     0.660782     0.459228     0.044930    -0.016960     0.134501     0.063889     2.851723    -0.289052    -0.165946     0.289896     0.424622     1.824644     1.658702     1.337794     1.920189     0.532345     0.273969     1.246291     0.442735     0.436478     0.414367     0.041736    -0.013377     0.370933     0.357061     0.195864     0.345793     0.344205     0.496968     0.553403     0.445513     0.456898     0.519511     0.574909     1.034229     0.428022     1.085318     0.293606     0.444690     0.124455     0.174824     0.068858     0.106531    -0.066679    -0.168156     0.043067    -0.024519    -0.054314    -0.199542     0.121677
   -6.916780    -6.489877     3.180989     6.171298    -0.774254     6.722287    -0.185321     9.531260     9.467330     9.173745    -0.767992    -3.033859    -9.438769    -8.936671    -8.354124    -8.102061    -3.836389    -1.164795    -4.801456    -2.841995     5.748157     4.081572     4.690396     7.544418     5.776586     5.450688     4.417241     4.758024     5.391301     6.116098     2.341211     9.852380     7.566292     8.719560     8.396493     7.834343     9.159419     4.940598    -0.891256     0.428022    14.697870    13.777341    14.674447     8.060619     8.941831     7.152650     7.606466    10.430097     9.770820     7.456309     5.365358     7.564506     7.465039    -0.529329     5.811490
   -8.116012    -8.349800     3.702525     6.395741    -0.677797     8.836844     0.992315    10.278933    10.159412     9.832124    -1.534932    -2.658324   -10.251500    -9.376529    -9.250652    -8.845028    -3.394821    -0.151749    -4.935713    -2.984927     6.777874     4.196528     5.426444     8.670008     6.477702     6.155067     4.832003     4.429621     6.293048     6.536345     2.562721    10.374805     8.712197    10.577121    11.606613     9.681702    11.268158     6.702260    -1.030051     1.085318    13.777341    21.725729    13.880388     9.100601     9.533571     7.435026     8.161365    12.063248     9.990111     7.709529     5.223551     7.990013     7.929598    -1.846912     5.735603
   -7.062071    -6.995079     3.283954     6.314592    -0.685015     6.783289    -0.305565     9.825557     9.674220     9.169450    -0.774593    -3.124837    -9.494201    -8.912153    -8.495921    -8.228259    -3.796993    -1.338373    -4.545823    -2.829065     6.135545     4.315060     4.938925     7.916304     6.184345     5.984063     4.488468     4.877672     5.806083     6.155886     2.581698    10.357939     7.876368     9.244853     8.909501     8.096140     9.398291     5.110367    -1.015987     0.293606    14.674447    13.880388    15.946951     8.204839     9.143415     7.443393     8.025778    10.655215     9.862870     7.750501     5.402761     7.862915     7.774542    -0.475287     5.978766
   -4.502288    -4.165907     2.053606     3.721857    -0.505426     4.196536     0.064734     5.876274     5.926655     5.667320    -0.417680    -2.833574    -6.055296    -5.869312    -5.586826    -5.354785    -2.774559    -1.992658    -3.791739    -2.754665     3.216146     2.452335     2.455679     4.526812     3.418681     3.087339     2.798285     2.954317     3.103397     3.465507     1.333638     5.585741     4.375166     5.310922     5.177398     4.622807     5.612944     3.317821    -0.428585     0.444690     8.060619     9.100601     8.204839     6.066043     5.837586     4.704689     4.756493     6.661757     5.679781     4.096338     3.210183     4.751369     4.629990    -0.519769     3.530186
   -6.124629    -5.690046     2.336813     4.643305    -0.891249     4.634164    -0.645165     7.729290     8.099065     7.533074    -0.361663    -5.135230    -8.272567    -8.171652    -7.718387    -7.740517    -4.638927    -4.214527    -5.688522    -4.223374     3.646160     3.086245     1.900067     5.011426     3.963235     3.622485     3.603028     3.965079     3.552253     3.942785     1.472613     6.181362     5.115916     5.886242     5.701853     5.470762     6.158249     3.518157    -1.000828     0.124455     8.941831     9.533571     9.143415     5.837586     7.837898     5.820731     6.115589     8.887990     7.839787     6.109751     4.619873     5.945551     5.969969    -0.320723     4.654911
   -5.326826    -5.134770     2.153345     3.971381    -0.652462     3.880041    -0.585553     6.083527     6.390653     5.894479    -0.301277    -5.066403    -7.664583    -7.576262    -7.274722    -7.163140    -4.201186    -4.398213    -5.447729    -4.253439     3.347687     2.682059     1.431746     4.397258     3.614493     3.308986     2.839077     3.011312     3.233089     3.202521     1.457999     5.198042     4.475491     5.154352     4.910364     4.546002     5.172971     3.022960    -0.698479     0.174824     7.152650     7.435026     7.443393     4.704689     5.820731     5.327151     4.888046     6.638212     6.004396     4.801639     3.277556     4.581907     4.668567    -0.478936     3.886948
   -5.387704    -5.247337     2.189995     4.471942    -0.483413     3.989140    -0.601884     6.592082     6.750088     6.728992    -0.193140    -4.931726    -7.578167    -7.513350    -7.186844    -7.057238    -4.592270    -3.704753    -5.270769    -4.234218     3.925928     3.208266     1.789344     4.862762     3.855885     3.613861     3.305062     3.696505     3.617128     3.356323     1.610325     5.710409     4.768333     5.553517     5.420233     4.849975     5.475829     3.146340    -0.960177     0.068858     7.606466     8.161365     8.025778     4.756493     6.115589     4.888046     6.870856     7.406786     7.277076     5.675219     4.069578     5.507318     5.447109    -0.008368     4.134500
   -7.416460    -6.840368     2.835999     5.893315    -0.912788     5.797608    -0.758943     9.832355     9.929604     9.683749    -0.668839    -4.829452    -9.947526    -9.474759    -8.986679    -8.829395    -5.138301    -3.445918    -6.033624    -4.503141     4.917733     3.827686     3.188488     6.452571     4.952405     4.649083     4.357028     4.738962     4.793396     5.124922     1.912187     7.732925     6.806254     7.964943     7.767575     7.336046     8.138928     4.509669    -1.255324     0.106531    10.430097    12.063248    10.655215     6.661757     8.887990     6.638212     7.406786    12.452579     9.693992     7.542083     5.384179     7.373521     7.333996    -0.517957     5.488997
   -7.088534    -6.466019     2.271656     5.357810    -1.215066     4.849579    -0.943320     8.564848     8.815695     9.031344     0.106587    -6.029967    -9.617537    -9.397174    -8.916881    -8.796627    -5.778097    -5.521810    -6.440544    -5.459249     4.081924     3.753818     1.354763     5.270498     4.074496     3.874130     4.669795     5.305514     3.842361     4.129294     1.525892     6.604342     5.404967     6.512075     6.294485     5.913325     6.706474     3.695727    -1.322554    -0.066679     9.770820     9.990111     9.862870     5.679781     7.839787     6.004396     7.277076     9.693992    10.493659     7.728414     5.780401     7.450998     7.458302     0.513161     5.542644
   -5.200558    -4.721591     1.610057     3.958414    -0.913974     3.709378    -0.689389     6.635153     6.889452     7.016407     0.257920    -3.973368    -6.717042    -6.487294    -6.258842    -6.298334    -3.941525    -2.878754    -4.268270    -3.487984     2.999311     2.652325     0.760842     3.993852     3.063101     2.973506     3.699862     4.227735     2.952974     3.273174     1.311429     5.129225     4.195771     4.923122     4.672462     4.638661     5.192167     2.832369    -1.088689    -0.168156     7.456309     7.709529     7.750501     4.096338     6.109751     4.801639     5.675219     7.542083     7.728414     7.379795     4.476433     5.878349     5.927126     0.621508     4.085213
   -3.453284    -2.642795     1.198314     3.045831    -0.612459     2.358659    -0.527972     4.969514     5.048512     4.874970     0.544848    -2.335690    -4.537665    -4.397051    -4.169905    -4.051012    -2.499073    -1.855961    -2.758939    -1.851179     2.010584     2.220400     0.854595     2.542279     1.936760     1.952096     3.138138     3.787049     1.924722     2.157047     0.860666     3.323037     2.504771     3.106671     2.928901     2.702247     3.131304     1.879474    -0.625465     0.043067     5.365358     5.223551     5.402761     3.210183     4.619873     3.277556     4.069578     5.384179     5.780401     4.476433     4.335601     4.882646     4.749128     0.968389     3.378644
   -5.009612    -4.290115     1.673393     4.023422    -0.905114     3.632519    -0.457746     6.533658     6.756205     6.640491     0.916771    -3.468927    -6.211712    -6.096231    -6.014516    -5.878456    -3.847737    -2.521137    -3.586440    -3.142557     3.143059     3.139022     1.510570     3.982211     2.961230     2.912445     4.641296     5.317307     2.918064     3.210992     1.372082     5.152720     3.944674     4.897025     4.704181     4.346199     5.007231     2.998742    -0.850653    -0.024519     7.564506     7.990013     7.862915     4.751369     5.945551     4.581907     5.507318     7.373521     7.450998     5.878349     4.882646     7.465934     7.037788     1.362171     4.644105
   -5.230440    -4.630060     1.775278     4.053211    -0.918080     3.663846    -0.536499     6.622349     6.797725     6.649398     0.841238    -3.910480    -6.670559    -6.538137    -6.381518    -6.355148    -4.060151    -3.130065    -3.984578    -3.565946     3.210230     3.210842     1.436741     4.147093     3.141212     3.025291     4.533150     5.131393     2.981333     3.200335     1.430627     5.249348     4.142257     5.024037     4.793595     4.461318     5.108257     2.986250    -0.875245    -0.054314     7.465039     7.929598     7.774542     4.629990     5.969969     4.668567     5.447109     7.333996     7.458302     5.927126     4.749128     7.037788     7.010609     1.182984     4.738992
    2.393666     2.641188    -0.689758    -0.490598     0.194969    -1.166185     0.176576    -0.076609    -0.121769    -0.164810     1.379629     3.022508     4.217383     4.120118     3.899907     3.702264     1.891679     4.083207     3.004994     3.134309    -0.751240    -0.044993    -0.024819    -1.037626    -1.023815    -0.793927     0.912938     1.567137    -0.739429    -0.603476    -0.232447    -0.897307    -1.207463    -1.404411    -1.381642    -1.209261    -1.396907    -0.685863     0.081754    -0.199542    -0.529329    -1.846912    -0.475287    -0.519769    -0.320723    -0.478936    -0.008368    -0.517957     0.513161     0.621508     0.968389     1.362171     1.182984     3.000282     0.303713
   -4.157021    -3.799880     1.791598     3.572854    -0.381664     2.946504    -0.552964     5.048482     5.163223     4.982534     0.256086    -3.529009    -6.088506    -5.948051    -5.637441    -5.532016    -3.272069    -3.298418    -3.427726    -3.054932     3.010597     3.166472     1.633093     3.822694     3.111721     2.955412     3.058457     3.408716     2.787258     2.768215     1.302490     4.440899     3.714854     4.251892     3.884154     3.670753     4.111450     2.332524    -0.449586     0.121677     5.811490     5.735603     5.978766     3.530186     4.654911     3.886948     4.134500     5.488997     5.542644     4.085213     3.378644     4.644105     4.738992     0.303713     4.593944
